CurrSim,Costing Population,y1985,y1986,y1987,y1988,y1989,y1990,y1991,y1992,y1993,y1994,y1995,y1996,y1997,y1998,y1999,y2000,y2001,y2002,y2003,y2004,y2005,y2006,y2007,y2008,y2009,y2010,y2011,y2012,y2013,y2014,y2015,y2016,y2017,y2018,y2019,y2020,y2021,y2022,y2023,y2024,y2025,y2026,y2027,y2028,y2029,y2030,y2031,y2032,y2033,y2034,y2035,y2036,y2037,y2038,y2039,y2040,y2041,y2042,y2043,y2044,y2045,y2046,y2047,y2048,y2049,y2050
0,LYlostAIDS,0,1422,7045,25019,82649,226973,507858,960751,1608693,2441182,3431898,4552413,5761296,7067850,8353319,9690787,11017185,12121545,13156260,14039945,14906906,14922942,14281576,13168320,11825222,10160042,8506040,7296363,6313729,5852784,5577441,5382963,5189920,5026702,4946493,4927980,4979451,5121479,5273916,5505117,5678272,5940986,5540295,4837828,4130154,3614337,3204240,2922635,2722362,2579428,2465000,2369908,2288465,2216892,2152561,2093594,2038638,1986721,1937159,1889468,1843312,1798466,1754793,1712216,1670692,1630203,0,0,0,0,0,0,0,0,0,0,0,0,0,0,0,0,0,0,0,0,0,0,0,0,0,0,0
0,DALYs (adults and paeds),0,2795,13544,47674,156498,424762,933876,1729124,2825706,4179712,5723772,7397791,9127235,10983179,12735717,14557514,16343887,17807585,19154603,20263177,21289720,21175959,20158587,18529239,16449174,13709167,11106078,9350595,8044896,7375860,6928785,6542370,6209733,5975438,5846965,5793432,5811439,5925615,6054270,6270136,6428924,6685137,6252513,5497646,4730107,4158316,3700554,3384491,3159177,2997141,2867060,2758687,2665588,2583451,2509288,2440950,2376933,2316284,2258324,2202557,2148626,2096271,2045303,1995608,1947123,1899823,0,0,0,0,0,0,0,0,0,0,0,0,0,0,0,0,0,0,0,0,0,0,0,0,0,0,0
0,TotalNewHIV,0,2604,13370,47012,119413,224368,335900,441364,530255,590428,624514,642378,652029,652223,649701,643689,631528,615349,596737,579052,566260,549674,528597,505215,475427,440457,407202,380300,362831,351200,338751,325659,308018,291153,279335,268958,261431,256014,251992,251499,257309,249829,237625,225052,212856,200822,191608,184983,179155,173096,167245,161696,156474,151587,147018,142784,138874,135307,132069,129133,126473,124070,121894,119910,118089,116406,0,0,0,0,0,0,0,0,0,0,0,0,0,0,0,0,0,0,0,0,0,0,0,0,0,0,0
0,TotalHIV,0,5985,19165,65438,182550,401156,729036,1165279,1683321,2250592,2836904,3421528,3958821,4468787,4948670,5393938,5798763,6175195,6509090,6803403,7063613,7303011,7557067,7806553,8048131,8280602,8506961,8734352,8962076,9184333,9396097,9594439,9775223,9939033,10088811,10220483,10324851,10418576,10515195,10600415,10681942,10744105,10799048,10854054,10909529,10960506,11006942,11048063,11081292,11105065,11119001,11123035,11117263,11101878,11077119,11043283,11000691,10949697,10890660,10823922,10749820,10668683,10580822,10486528,10386070,0,0,0,0,0,0,0,0,0,0,0,0,0,0,0,0,0,0,0,0,0,0,0,0,0,0,0,0
0,TotPop,0,33092561,33870296,34636844,35388516,36120639,36946055,37904209,38836938,39732888,40580134,41354347,42089211,42756021,43379976,43986854,44551978,45085441,45592105,46095932,46650225,47228772,47961664,48734819,49524925,50314742,51128930,51987152,52875525,53778916,54684250,55584523,56474107,57346960,58215294,59049598,59782599,60527516,61361868,62187921,63007028,63818628,64642204,65487024,66353625,67236519,68131876,69035156,69932348,70821264,71700477,72568839,73425021,74267436,75094567,75904993,76697201,77469859,78221956,78952659,79661302,80347369,81010710,81651372,82269624,0,0,0,0,0,0,0,0,0,0,0,0,0,0,0,0,0,0,0,0,0,0,0,0,0,0,0,0
0,VLSuppressedx1000,0,-9223372036854775808,-9223372036854775808,-9223372036854775808,-9223372036854775808,-9223372036854775808,-9223372036854775808,-9223372036854775808,-9223372036854775808,-9223372036854775808,-9223372036854775808,-9223372036854775808,-9223372036854775808,-9223372036854775808,-9223372036854775808,-9223372036854775808,895,896,897,898,897,907,912,914,902,874,859,868,875,883,881,890,907,911,916,923,934,944,947,948,949,950,951,952,953,953,954,955,955,956,956,957,957,958,958,958,959,959,960,960,960,961,961,961,962,0,0,0,0,0,0,0,0,0,0,0,0,0,0,0,0,0,0,0,0,0,0,0,0,0,0,0,0
0,VLSuppressedU15x1000,0,0,0,0,0,0,0,0,0,0,0,0,0,0,0,0,801,801,801,801,801,819,835,841,806,757,733,717,727,742,724,742,761,755,762,769,776,783,790,797,803,810,810,810,810,810,810,810,810,810,810,810,810,810,810,810,810,810,810,810,810,810,810,810,810,0,0,0,0,0,0,0,0,0,0,0,0,0,0,0,0,0,0,0,0,0,0,0,0,0,0,0,0
0,HIVinc15to49,0,0,1,3,7,12,18,23,26,29,29,29,29,29,28,27,26,25,24,22,22,21,20,19,18,17,16,15,14,14,13,13,12,11,10,10,9,9,9,9,9,8,8,7,7,6,6,5,5,5,5,4,4,4,4,4,3,3,3,3,3,3,3,3,3,3,0,0,0,0,0,0,0,0,0,0,0,0,0,0,0,0,0,0,0,0,0,0,0,0,0,0,0
0,AIDSdeaths,0,18,93,336,1129,3172,7311,14292,24748,38786,56205,76658,99529,124440,149844,176404,203126,226009,248047,267707,287747,291013,281324,261500,238444,211371,182741,159943,139901,131401,127077,124917,122080,119221,118253,118754,121046,125579,130463,137440,142993,150827,141611,124585,107363,95088,85468,79091,74761,71881,69699,67987,66605,65458,64481,63626,62855,62143,61468,60816,60174,59535,58891,58239,57576,56899,0,0,0,0,0,0,0,0,0,0,0,0,0,0,0,0,0,0,0,0,0,0,0,0,0,0,0
0,Total women diagnosed,0,5,16,50,160,462,1169,5260,16585,39412,77593,133934,207659,300350,411369,540609,687589,855724,1045828,1267703,1517823,1860520,2269485,2705817,3149728,3798122,4396709,4825613,5165360,5414619,5657370,5899859,6107950,6276745,6430461,6582210,6664841,6759836,6852012,6927230,6988726,7040319,7096156,7159359,7226447,7291360,7352466,7407694,7455921,7496809,7530078,7555626,7573506,7583869,7586905,7582831,7571740,7553791,7529196,7498193,7461032,7417996,7369350,7315322,7256112,0,0,0,0,0,0,0,0,0,0,0,0,0,0,0,0,0,0,0,0,0,0,0,0,0,0,0,0
0,Total men diagnosed,0,5,20,78,269,777,1879,6267,16576,35145,63505,102077,148423,201898,260428,321246,381797,441922,497002,541799,589745,681355,796749,922692,1052465,1294901,1549430,1749434,1911804,2030221,2149888,2278869,2396727,2497898,2593186,2691357,2743897,2802641,2858950,2904594,2939680,2967173,2992618,3016889,3039682,3058449,3073535,3084087,3090429,3092861,3091728,3087293,3079781,3069384,3056250,3040521,3022184,3001276,2977888,2952149,2924212,2894276,2862536,2829160,2794297,0,0,0,0,0,0,0,0,0,0,0,0,0,0,0,0,0,0,0,0,0,0,0,0,0,0,0,0
0,Total women undiagnosed,0,3281,8918,28985,81578,184764,350064,575065,845116,1139037,1437746,1728659,1985342,2218721,2426069,2602178,2743019,2847513,2909009,2918573,2879851,2735647,2532787,2298585,2052160,1593471,1174621,925422,758599,675975,593413,502166,433638,392409,355842,308567,310677,292283,277969,271838,274234,273338,268510,261402,252984,243692,234899,227277,220397,213851,207561,201558,195878,190537,185533,180884,176588,172646,169043,165755,162753,160010,157496,155176,153020,0,0,0,0,0,0,0,0,0,0,0,0,0,0,0,0,0,0,0,0,0,0,0,0,0,0,0,0
0,Total men undiagnosed,0,2580,9743,34593,95156,201698,348376,530103,728769,927720,1112150,1272784,1389734,1476633,1535821,1570184,1583317,1586731,1577604,1564688,1538210,1465515,1381563,1294604,1211983,1022784,828265,693094,602676,557791,512027,454523,404675,367652,333108,292638,289693,275114,262076,254785,254299,251476,242821,230607,216943,202931,190449,180428,172411,165546,159500,154092,149220,144808,140806,137162,133835,130811,128078,125616,123402,121419,119647,118059,116632,0,0,0,0,0,0,0,0,0,0,0,0,0,0,0,0,0,0,0,0,0,0,0,0,0,0,0,0
0,Total U15 diagnosed,0,0,0,0,0,0,0,834,2909,6569,12019,19298,28812,40404,53870,68924,85239,101930,118323,133457,148434,168857,186685,206551,236898,276566,291016,302432,311783,315500,316045,320789,317591,307879,294549,277027,256176,236903,218798,201424,188548,178226,167882,156968,146616,138956,132048,126414,121182,116129,111246,106480,101737,96931,92030,87007,82134,77587,73447,69743,66458,63488,60739,58165,55747,0,0,0,0,0,0,0,0,0,0,0,0,0,0,0,0,0,0,0,0,0,0,0,0,0,0,0,0
0,Total U15 undiagnosed,0,116,468,1732,5387,13455,27547,47748,73366,102709,133890,164776,198851,230781,261112,290796,317802,341376,361324,377183,389550,391118,389798,378304,344897,294758,266921,238357,211855,190228,167355,138232,114643,96450,81666,68684,59566,51800,45389,40544,36455,33573,31062,28829,26857,25118,23545,22163,20951,19868,18888,17985,17141,16349,15595,14879,14210,13586,13006,12467,11964,11494,11055,10645,10262,0,0,0,0,0,0,0,0,0,0,0,0,0,0,0,0,0,0,0,0,0,0,0,0,0,0,0,0
0,Total women on ART,0,0,0,0,0,0,0,0,0,0,0,0,0,0,0,0,5224,11667,19885,30427,73932,145348,252713,396914,567682,793014,1065072,1448219,1721416,1956504,2234463,2526669,2873683,3148772,3368358,3550382,3664269,3776623,3859531,3943216,3948247,4283064,4648617,5047093,5434919,5783320,6003358,6166559,6290780,6386776,6461227,6518621,6562053,6593677,6615020,6627212,6630953,6626809,6615261,6596726,6571580,6540204,6502945,6460101,6411926,0,0,0,0,0,0,0,0,0,0,0,0,0,0,0,0,0,0,0,0,0,0,0,0,0,0,0,0
0,Total men on ART,0,0,0,0,0,0,0,0,0,0,0,0,0,0,0,0,2365,5059,8241,11952,27838,54423,95279,151767,220532,316136,437801,609889,744758,867207,997339,1131254,1281381,1409053,1519177,1616157,1677316,1734388,1778669,1814538,1805138,1893724,1957633,2026471,2097291,2166849,2215138,2254008,2285108,2309456,2327775,2340717,2348877,2352761,2352785,2349318,2342552,2332675,2319898,2304430,2286473,2266261,2244021,2219941,2194179,0,0,0,0,0,0,0,0,0,0,0,0,0,0,0,0,0,0,0,0,0,0,0,0,0,0,0,0
0,Total U15 on ART,0,0,0,0,0,0,0,0,0,0,0,0,0,0,0,0,1005,2193,3456,5092,13693,28030,44813,64288,88995,121618,147550,166381,185734,197537,205446,213388,212164,207120,199710,189263,175918,163101,150350,137776,126682,120588,115219,109436,104209,101003,97365,94244,91104,87862,84558,81190,77720,74110,70367,66487,62703,59167,55952,53084,50552,48270,46160,44185,42328,0,0,0,0,0,0,0,0,0,0,0,0,0,0,0,0,0,0,0,0,0,0,0,0,0,0,0,0
0,Total number of patients on ART (public + private),0,0,0,0,0,0,0,0,0,0,0,0,0,0,0,0,8594,18919,31583,47471,115462,227800,392805,612969,877209,1230769,1650423,2224489,2651908,3021247,3437247,3871311,4367228,4764945,5087245,5355803,5517503,5674113,5788550,5895530,5880067,6297376,6721469,7183000,7636418,8051171,8315861,8514811,8666992,8784094,8873560,8940529,8988650,9020548,9038171,9043018,9036208,9018651,8991111,8954241,8908605,8854734,8793126,8724227,8648433,0,0,0,0,0,0,0,0,0,0,0,0,0,0,0,0,0,0,0,0,0,0,0,0,0,0,0,0
0,Number of people starting ART (public + private),0,0,0,0,0,0,0,0,0,0,0,0,0,0,0,0,9878,12904,16348,20774,80356,135838,200363,267864,322652,425742,506227,672455,574070,491869,540081,563514,628983,543982,465411,406432,312827,287179,237218,218113,184075,377051,501032,559231,560993,524996,418915,347660,297938,262018,235265,214779,198669,185677,174949,165904,158140,151372,145406,140103,135360,131103,127272,123819,120702,117881,0,0,0,0,0,0,0,0,0,0,0,0,0,0,0,0,0,0,0,0,0,0,0,0,0,0,0
0,Number re-starting ART,0,0,0,0,0,0,0,0,0,0,0,0,0,0,0,59,456,1200,2224,4306,9445,18650,33355,54000,80567,114127,158701,195930,241982,283921,325690,370874,415790,457745,494556,519647,540459,553683,566190,623760,605540,641136,684788,735516,787964,825981,856143,878667,894963,906482,914425,919628,922660,923938,923748,922291,919749,916250,911882,906714,900815,894221,886957,879056,870561,0,0,0,0,0,0,0,0,0,0,0,0,0,0,0,0,0,0,0,0,0,0,0,0,0,0,0,0
0,Adults First95,0,2,2,2,2,3,4,10,21,35,52,73,95,120,145,171,198,226,256,288,323,377,439,502,563,661,748,802,839,858,876,895,910,920,929,939,940,944,947,949,949,950,952,954,956,959,961,963,964,965,967,968,969,969,970,971,972,972,972,973,973,973,974,974,974,-9223372036854775808,0,0,0,0,0,0,0,0,0,0,0,0,0,0,0,0,0,0,0,0,0,0,0,0,0,0,0
0,Adults Second95,0,0,0,0,0,0,0,0,0,0,0,0,0,0,0,0,7,13,18,23,48,79,113,151,188,218,253,313,348,379,414,447,489,519,542,557,568,576,581,586,579,617,655,695,734,768,788,803,813,821,827,832,836,840,843,845,847,849,850,852,853,854,855,856,856,-9223372036854775808,0,0,0,0,0,0,0,0,0,0,0,0,0,0,0,0,0,0,0,0,0,0,0,0,0,0,0
0,Adults Third95,0,-9223372036854775808,-9223372036854775808,-9223372036854775808,-9223372036854775808,-9223372036854775808,-9223372036854775808,-9223372036854775808,-9223372036854775808,-9223372036854775808,-9223372036854775808,-9223372036854775808,-9223372036854775808,-9223372036854775808,-9223372036854775808,-9223372036854775808,867,868,870,871,870,882,888,891,876,841,822,834,843,852,850,861,882,887,893,901,916,929,933,934,935,936,937,938,939,940,941,942,942,943,944,944,945,945,946,946,947,947,948,948,949,949,950,950,950,0,0,0,0,0,0,0,0,0,0,0,0,0,0,0,0,0,0,0,0,0,0,0,0,0,0,0,0
0,Children First95,0,0,0,0,0,0,0,17,38,60,82,105,127,149,171,192,211,230,247,261,276,302,324,353,407,484,522,559,595,624,654,699,735,761,783,801,811,821,828,832,838,841,844,845,845,847,849,851,853,854,855,856,856,856,855,854,853,851,850,848,847,847,846,845,845,-9223372036854775808,0,0,0,0,0,0,0,0,0,0,0,0,0,0,0,0,0,0,0,0,0,0,0,0,0,0,0
0,Children Second95,0,0,0,0,0,0,0,0,0,0,0,0,0,0,0,0,12,22,29,38,92,166,240,311,376,440,507,550,596,626,650,665,668,673,678,683,687,688,687,684,672,677,686,697,711,727,737,746,752,757,760,762,764,765,765,764,763,763,762,761,761,760,760,760,759,-9223372036854775808,0,0,0,0,0,0,0,0,0,0,0,0,0,0,0,0,0,0,0,0,0,0,0,0,0,0,0
0,Children Third95,0,0,0,0,0,0,0,0,0,0,0,0,0,0,0,0,750,750,750,750,750,772,791,799,755,696,668,649,661,679,658,679,701,695,703,711,719,728,736,744,753,761,761,761,761,761,761,761,761,761,761,761,761,761,761,761,761,761,761,761,761,761,761,761,761,0,0,0,0,0,0,0,0,0,0,0,0,0,0,0,0,0,0,0,0,0,0,0,0,0,0,0,0
0,All First95,0,2,2,2,2,3,4,11,21,36,54,75,97,121,147,173,199,227,255,286,319,371,430,491,552,648,733,787,824,845,865,886,903,914,924,934,936,941,944,946,947,948,950,952,954,957,959,961,963,964,965,966,967,968,969,970,970,971,972,972,972,973,973,973,973,-9223372036854775808,0,0,0,0,0,0,0,0,0,0,0,0,0,0,0,0,0,0,0,0,0,0,0,0,0,0,0
0,All Second95,0,0,0,0,0,0,0,0,0,0,0,0,0,0,0,0,7,14,19,24,51,84,121,160,198,229,265,323,359,389,423,455,495,525,546,561,571,579,583,588,581,618,655,695,733,768,788,802,812,820,827,832,836,839,842,844,846,848,850,851,852,853,854,855,856,-9223372036854775808,0,0,0,0,0,0,0,0,0,0,0,0,0,0,0,0,0,0,0,0,0,0,0,0,0,0,0
0,All Third95,0,-9223372036854775808,-9223372036854775808,-9223372036854775808,-9223372036854775808,-9223372036854775808,-9223372036854775808,-9223372036854775808,-9223372036854775808,-9223372036854775808,-9223372036854775808,-9223372036854775808,-9223372036854775808,-9223372036854775808,-9223372036854775808,-9223372036854775808,867,868,870,871,870,882,888,891,876,841,822,834,843,852,850,861,882,887,893,901,916,929,933,934,935,936,937,938,939,940,941,942,942,943,944,944,945,945,946,946,947,947,948,948,949,949,950,950,950,0,0,0,0,0,0,0,0,0,0,0,0,0,0,0,0,0,0,0,0,0,0,0,0,0,0,0,0
0,Mens clinics (non-ART cost),0,0,0,0,0,0,0,0,0,0,0,0,0,0,0,0,0,0,0,0,0,0,0,0,0,0,0,0,0,0,0,0,0,0,0,0,0,0,0,0,0,0,0,0,0,0,0,0,0,0,0,0,0,0,0,0,0,0,0,0,0,0,0,0,0,0,0,0,0,0,0,0,0,0,0,0,0,0,0,0,0,0,0,0,0,0,0,0,0,0,0,0,0
0,ART clients with Peer Navigators,0,0,0,0,0,0,0,0,0,0,0,0,0,0,0,0,0,0,0,0,0,0,0,0,0,0,0,0,0,0,0,0,0,0,0,0,0,0,0,0,0,0,0,0,0,0,0,0,0,0,0,0,0,0,0,0,0,0,0,0,0,0,0,0,0,0,0,0,0,0,0,0,0,0,0,0,0,0,0,0,0,0,0,0,0,0,0,0,0,0,0,0,0
0,Medical male circumcision,0,0,0,0,0,0,0,0,0,0,0,0,0,0,0,0,0,0,0,0,0,0,0,0,5167,9127,130537,346435,420396,330202,506157,515840,444704,537939,592376,415294,134985,359619,367850,257576,418008,269271,278012,284388,288138,290554,291316,291970,292077,291833,291386,290504,289995,289875,290152,290851,291797,293088,294660,296462,298400,300439,302538,304677,306832,308906,0,0,0,0,0,0,0,0,0,0,0,0,0,0,0,0,0,0,0,0,0,0,0,0,0,0,0
0,MMC 10-14,0,0,0,0,0,0,0,0,0,0,0,0,0,0,0,0,0,0,0,0,0,0,0,0,2275,3970,56201,146311,170960,131776,206782,217247,197194,255420,295597,215676,74619,216475,227610,161690,265555,168522,176722,182105,184476,186411,185887,185323,184860,184895,185130,185555,186307,187467,188952,190730,192746,194880,197005,199061,201001,202805,204476,206002,207346,208485,0,0,0,0,0,0,0,0,0,0,0,0,0,0,0,0,0,0,0,0,0,0,0,0,0,0,0
0,MMC 15+,0,0,0,0,0,0,0,0,0,0,0,0,0,0,0,0,0,0,0,0,0,0,0,0,2892,5157,74336,200124,249435,198426,299375,298593,247509,282519,296779,199618,60365,143145,140240,95886,152453,100749,101291,102283,103662,104142,105429,106646,107216,106938,106257,104949,103687,102408,101201,100121,99051,98209,97655,97401,97399,97634,98062,98675,99486,100421,0,0,0,0,0,0,0,0,0,0,0,0,0,0,0,0,0,0,0,0,0,0,0,0,0,0,0
0,Early infant male circumcision,0,56080,56081,55986,55813,55563,55239,55449,55700,55720,55573,55257,54846,52972,52280,53050,52517,52692,53000,54704,58609,60284,61818,63201,63194,62026,62090,62670,63447,64037,64150,64003,63523,62719,62677,62611,62559,62612,62767,62940,63129,63431,63890,64459,65076,65691,66266,66792,67296,67756,68172,68549,68868,69108,69267,69347,69341,69258,69115,68921,68685,68413,68126,67834,67550,67283,0,0,0,0,0,0,0,0,0,0,0,0,0,0,0,0,0,0,0,0,0,0,0,0,0,0,0
0,Condom distribution in non-traditional outlets (hotels; shops; malls),0,3969820,4007867,4142815,4280636,4422444,4570591,4750193,4985849,5390963,6038945,7110136,8835968,11423893,14939377,19381028,24518958,29915676,35013785,39315082,42338613,44093730,45028328,45753009,46568628,47477288,48493851,49627276,51010162,52367490,53611890,54670038,55540967,56428934,57297342,58313958,59616509,61169648,62841041,64517770,66173858,67726728,69326057,70876818,72435301,74006858,75585914,77159886,78729540,80280361,81805507,83312088,84805969,86290371,87766320,89233292,90688907,92129394,93549986,94945759,96311499,97641632,98930520,100173011,101365092,102504479,0,0,0,0,0,0,0,0,0,0,0,0,0,0,0,0,0,0,0,0,0,0,0,0,0,0,0
0,Condom distribution in clinics,0,15879279,16031468,16571259,17122544,17689776,18282364,19000772,19943397,21563853,24155781,28440545,35343872,45695574,59757506,77524114,98075830,119662705,140055138,157260326,169354452,176374919,180113312,183012035,186274510,189909152,193975403,198509103,204040649,209469962,214447561,218680152,222163868,225715738,229189367,233255833,238466036,244678592,251364162,258071080,264695432,270906913,277304226,283507271,289741204,296027432,302343657,308639544,314918162,321121445,327222028,333248352,339223876,345161484,351065280,356933167,362755629,368517576,374199944,379783037,385245995,390566530,395722079,400692045,405460370,410017916,0,0,0,0,0,0,0,0,0,0,0,0,0,0,0,0,0,0,0,0,0,0,0,0,0,0,0
0,Condom distribution (all),0,19849099,20039335,20714074,21403180,22112220,22852955,23750965,24929246,26954817,30194726,35550681,44179840,57119467,74696883,96905142,122594788,149578381,175068923,196575408,211693065,220468649,225141640,228765044,232843138,237386440,242469254,248136379,255050811,261837452,268059452,273350189,277704834,282144672,286486709,291569791,298082545,305848240,314205203,322588850,330869290,338633641,346630283,354384088,362176505,370034290,377929572,385799430,393647702,401401806,409027535,416560439,424029844,431451855,438831600,446166459,453444537,460646970,467749930,474728797,481557493,488208162,494652598,500865056,506825462,512522395,0,0,0,0,0,0,0,0,0,0,0,0,0,0,0,0,0,0,0,0,0,0,0,0,0,0,0
0,Total protected sex acts,0,7217854,7287031,7532390,7782975,8040807,8310165,8636714,9065180,9801751,10979900,12927520,16065397,20770715,27162503,35238233,44579923,54392139,63661426,71481966,76979296,80170418,81869687,83187289,84670232,86322342,88170638,90231411,92745750,95213619,97476164,99400069,100983576,102598063,104176985,106025379,108393653,111217542,114256437,117305036,120316106,123139506,126047375,128866941,131700547,134557924,137428935,140290702,143144619,145964293,148737285,151476523,154192671,156891584,159575127,162242349,164888922,167507989,170090884,172628653,175111816,177530241,179873672,182132748,184300168,186371780,0,0,0,0,0,0,0,0,0,0,0,0,0,0,0,0,0,0,0,0,0,0,0,0,0,0,0
0,Proportion sex acts that are protected x1000,0,26,26,26,26,27,27,27,27,29,31,36,43,54,70,90,112,135,156,173,184,190,192,193,194,195,196,198,199,201,202,203,203,203,203,203,205,208,210,213,215,217,220,222,223,225,227,228,230,232,233,235,237,238,240,242,244,246,248,250,252,254,256,257,259,261,0,0,0,0,0,0,0,0,0,0,0,0,0,0,0,0,0,0,0,0,0,0,0,0,0,0,0
0,PrEP women,0,0,0,0,0,0,0,0,0,0,0,0,0,0,0,0,0,0,0,0,0,0,0,0,0,0,0,0,0,0,0,0,0,17859,39045,197026,269026,332978,378430,356376,347819,337698,332553,326709,317428,330745,342197,349275,363235,379016,381618,381749,386482,398886,404295,411753,412183,413931,416650,418399,419509,420641,421583,421941,424406,0,0,0,0,0,0,0,0,0,0,0,0,0,0,0,0,0,0,0,0,0,0,0,0,0,0,0,0
0,PrEP FSW,0,0,0,0,0,0,0,0,0,0,0,0,0,0,0,0,0,0,0,0,0,0,0,0,0,0,0,0,0,0,0,10802,12181,13736,14870,25169,27940,35229,36920,34529,23829,6263,7015,9238,12544,19533,33856,40641,43334,45806,48357,51009,53754,56579,59470,62412,65385,68369,71341,74279,77165,79982,82713,85347,87876,0,0,0,0,0,0,0,0,0,0,0,0,0,0,0,0,0,0,0,0,0,0,0,0,0,0,0,0
0,PrEP men,0,0,0,0,0,0,0,0,0,0,0,0,0,0,0,0,0,0,0,0,0,0,0,0,0,0,0,0,0,0,0,0,0,0,8174,42510,59263,71351,68402,55805,52583,49232,47358,45629,43571,47067,50741,53837,59149,65654,68872,71529,75842,82752,87423,93057,96383,99813,102826,105070,106561,107790,108644,109066,110213,0,0,0,0,0,0,0,0,0,0,0,0,0,0,0,0,0,0,0,0,0,0,0,0,0,0,0,0
0,PrEP MSM,0,0,0,0,0,0,0,0,0,0,0,0,0,0,0,0,0,0,0,0,0,0,0,0,0,0,0,0,0,0,0,10157,29993,37936,38220,63657,64246,75119,68120,56176,55447,52526,51383,50984,50271,53954,58349,61409,64581,68192,72750,76410,80257,82548,85621,88006,89425,90144,91027,91729,92035,92417,92993,93735,94552,0,0,0,0,0,0,0,0,0,0,0,0,0,0,0,0,0,0,0,0,0,0,0,0,0,0,0,0
0,PrEP total,0,0,0,0,0,0,0,0,0,0,0,0,0,0,0,0,0,0,0,0,0,0,0,0,0,0,0,0,0,0,0,20959,42174,69531,100310,328362,420475,514677,551872,502886,479678,445719,438309,432559,423814,451299,485143,505162,530299,558668,571598,580697,596334,620764,636809,655229,663375,672257,681843,689477,695270,700830,705934,710089,717047,0,0,0,0,0,0,0,0,0,0,0,0,0,0,0,0,0,0,0,0,0,0,0,0,0,0,0,0
0,CABLA women (12m),0,0,0,0,0,0,0,0,0,0,0,0,0,0,0,0,0,0,0,0,0,0,0,0,0,0,0,0,0,0,0,0,0,0,0,0,0,0,0,0,44540,99519,89354,89660,84480,67185,19290,23166,24710,26127,27590,29111,30685,32306,33965,35653,37360,39073,40779,42468,44127,45747,47319,48836,50293,0,0,0,0,0,0,0,0,0,0,0,0,0,0,0,0,0,0,0,0,0,0,0,0,0,0,0,0
0,CABLA men (12m),0,0,0,0,0,0,0,0,0,0,0,0,0,0,0,0,0,0,0,0,0,0,0,0,0,0,0,0,0,0,0,0,0,0,0,0,0,0,0,0,0,0,0,0,0,0,0,0,0,0,0,0,0,0,0,0,0,0,0,0,0,0,0,0,0,0,0,0,0,0,0,0,0,0,0,0,0,0,0,0,0,0,0,0,0,0,0,0,0,0,0,0,0
0,CABLA MSM (12m),0,0,0,0,0,0,0,0,0,0,0,0,0,0,0,0,0,0,0,0,0,0,0,0,0,0,0,0,0,0,0,0,0,0,0,0,0,0,0,0,0,0,0,0,0,0,0,0,0,0,0,0,0,0,0,0,0,0,0,0,0,0,0,0,0,0,0,0,0,0,0,0,0,0,0,0,0,0,0,0,0,0,0,0,0,0,0,0,0,0,0,0,0
0,CABLA Total (12m),0,0,0,0,0,0,0,0,0,0,0,0,0,0,0,0,0,0,0,0,0,0,0,0,0,0,0,0,0,0,0,0,0,0,0,0,0,0,0,0,44540,99519,89354,89660,84480,67185,19290,23166,24710,26127,27590,29111,30685,32306,33965,35653,37360,39073,40779,42468,44127,45747,47319,48836,50293,0,0,0,0,0,0,0,0,0,0,0,0,0,0,0,0,0,0,0,0,0,0,0,0,0,0,0,0
0,Women using the vaginal ring,0,0,0,0,0,0,0,0,0,0,0,0,0,0,0,0,0,0,0,0,0,0,0,0,0,0,0,0,0,0,0,0,0,0,0,0,0,0,0,0,0,0,0,0,0,0,0,0,0,0,0,0,0,0,0,0,0,0,0,0,0,0,0,0,0,0,0,0,0,0,0,0,0,0,0,0,0,0,0,0,0,0,0,0,0,0,0,0,0,0,0,0,0
0,Total number of births to mothers on ART,0,0,0,0,0,0,0,0,0,0,0,0,0,0,0,0,293,944,1719,2923,7675,16610,28751,43054,57730,93870,144715,170895,265311,352064,396610,397565,396071,385692,378613,369823,359622,350380,340050,329400,318700,310788,306018,303245,301124,298526,294473,288866,282384,275247,267651,259859,251805,243372,234639,225682,216406,206945,197567,188388,179431,170660,162268,154289,146807,139852,0,0,0,0,0,0,0,0,0,0,0,0,0,0,0,0,0,0,0,0,0,0,0,0,0,0,0
0,PMTCT (mother not on any ART),0,474,1324,4521,13362,31231,58814,95086,136890,179115,218700,253896,285480,302721,321885,346499,358888,372190,382606,399336,426322,430537,428560,422660,405204,355908,299149,271554,177863,89454,39522,31226,22657,20782,19555,18526,17777,17205,16731,16277,16109,15330,14170,12812,11422,10099,9085,8351,7791,7328,6933,6585,6271,5979,5706,5449,5205,4975,4759,4557,4368,4192,4029,3880,3742,3617,0,0,0,0,0,0,0,0,0,0,0,0,0,0,0,0,0,0,0,0,0,0,0,0,0,0,0
0,PMTCT (mother not on lifelong ART),0,0,0,0,0,0,0,0,0,0,0,0,0,0,0,0,0,0,0,0,0,0,0,0,0,32214,59409,64844,28189,0,0,0,0,0,0,0,0,0,0,0,0,0,0,0,0,0,0,0,0,0,0,0,0,0,0,0,0,0,0,0,0,0,0,0,0,0,0,0,0,0,0,0,0,0,0,0,0,0,0,0,0,0,0,0,0,0,0,0,0,0,0,0,0
0,Testing at birth,0,0,0,0,0,0,0,0,0,0,0,0,0,0,0,0,0,0,0,0,0,0,0,0,0,0,0,0,0,0,299623,364472,385230,390215,390204,380582,369851,360234,349646,338764,328113,319596,313785,309736,306295,302453,297486,291273,284371,276924,269093,261115,252914,244365,235538,226508,217179,207682,198280,189086,180123,171355,162972,155005,147538,140600,0,0,0,0,0,0,0,0,0,0,0,0,0,0,0,0,0,0,0,0,0,0,0,0,0,0,0
0,Testing at 10 weeks,0,0,0,0,0,0,0,0,0,0,0,0,0,0,0,0,0,0,0,0,0,38052,87255,137246,185775,238337,269736,304980,375679,406197,401242,343032,334982,325179,318534,310679,301919,294069,285425,276542,267847,260895,256151,252845,250036,246901,242846,237773,232140,226061,219668,213155,206461,199481,192276,184905,177289,169536,161861,154356,147039,139881,133038,126535,120439,114775,0,0,0,0,0,0,0,0,0,0,0,0,0,0,0,0,0,0,0,0,0,0,0,0,0,0,0
0,Testing at 6 months,0,0,0,0,0,0,0,0,0,0,0,0,0,0,0,0,0,0,0,0,0,0,0,0,0,0,0,0,0,0,0,0,0,0,29186,106019,135071,147181,142855,138409,134057,130578,128203,126549,125143,123574,121544,119006,116186,113143,109944,106684,103334,99840,96234,92545,88733,84853,81012,77255,73593,70011,66586,63331,60280,57445,0,0,0,0,0,0,0,0,0,0,0,0,0,0,0,0,0,0,0,0,0,0,0,0,0,0,0
0,Infant PCR tests total,0,0,0,0,0,0,0,0,0,0,0,0,0,0,0,0,0,0,0,0,0,38052,87255,137246,185775,238337,269736,304980,375679,406197,700865,707504,720212,715394,737924,797281,806841,801484,777926,753714,730017,711069,698139,689130,681474,672927,661877,648052,632697,616128,598704,580955,562709,543687,524048,503958,483202,462072,441153,420697,400755,381247,362596,344871,328257,312820,0,0,0,0,0,0,0,0,0,0,0,0,0,0,0,0,0,0,0,0,0,0,0,0,0,0,0
0,Combination prevention package service provision through outreach to CSW,0,53664,55586,57517,59440,61282,62955,64385,66424,68185,69649,70818,71703,71547,71155,70594,69933,69274,69006,68818,68770,69069,69819,71480,73774,76721,80392,84812,89625,94718,99970,105373,110927,116530,122098,127588,132864,137833,142478,146881,150833,154946,158871,162803,166762,170746,174735,178765,182862,187013,191235,195533,199903,204332,208800,213281,217743,222153,226475,230677,234728,238601,242277,245744,248996,0,0,0,0,0,0,0,0,0,0,0,0,0,0,0,0,0,0,0,0,0,0,0,0,0,0,0,0
0,U=U messaging to men,0,0,0,0,0,0,0,0,0,0,0,0,0,0,0,0,0,0,0,0,0,0,0,0,0,0,0,0,0,0,0,0,0,0,0,0,0,0,0,0,0,0,0,0,0,0,0,0,0,0,0,0,0,0,0,0,0,0,0,0,0,0,0,0,0,0,0,0,0,0,0,0,0,0,0,0,0,0,0,0,0,0,0,0,0,0,0,0,0,0,0,0,0
0,ST distributed (fixed point),0,0,0,0,0,0,0,0,0,0,0,0,0,0,0,0,0,0,0,0,0,0,0,0,0,0,0,0,0,0,0,0,57701,117215,68720,13404,13544,13716,13935,14191,14437,14650,14864,15083,15312,15556,15819,16085,16341,16586,16825,17054,17272,17479,17677,17868,18054,18235,18412,18587,18760,18932,19104,19274,19444,0,0,0,0,0,0,0,0,0,0,0,0,0,0,0,0,0,0,0,0,0,0,0,0,0,0,0,0
0,ST distributed (taxi),0,0,0,0,0,0,0,0,0,0,0,0,0,0,0,0,0,0,0,0,0,0,0,0,0,0,0,0,0,0,0,0,155643,225107,74531,14056,14178,14290,14414,14554,14691,14817,14957,15114,15290,15485,15704,15937,16176,16417,16657,16892,17116,17326,17521,17697,17856,17997,18120,18226,18318,18396,18464,18524,18578,0,0,0,0,0,0,0,0,0,0,0,0,0,0,0,0,0,0,0,0,0,0,0,0,0,0,0,0
0,ST distributed (ANC),0,0,0,0,0,0,0,0,0,0,0,0,0,0,0,0,0,0,0,0,0,0,0,0,0,0,0,0,0,0,0,0,1107,9847,10183,20705,20771,21536,21678,21832,21979,22105,22229,22358,22496,22647,22813,22988,23161,23332,23500,23667,23830,23985,24124,24244,24344,24422,24478,24512,24526,24521,24500,24467,24426,0,0,0,0,0,0,0,0,0,0,0,0,0,0,0,0,0,0,0,0,0,0,0,0,0,0,0,0
0,ST distributed (index),0,0,0,0,0,0,0,0,0,0,0,0,0,0,0,0,0,0,0,0,0,0,0,0,0,0,0,0,0,0,0,0,859,3798,4923,7530,7725,7917,8058,8200,8152,8705,9255,9851,10427,10950,11266,11494,11660,11781,11867,11924,11958,11971,11967,11947,11913,11865,11804,11732,11648,11554,11450,11337,11214,0,0,0,0,0,0,0,0,0,0,0,0,0,0,0,0,0,0,0,0,0,0,0,0,0,0,0,0
0,ST distributed (workplace),0,0,0,0,0,0,0,0,0,0,0,0,0,0,0,0,0,0,0,0,0,0,0,0,0,0,0,0,0,0,0,0,84712,165624,128950,53842,54520,55202,55874,56590,57316,57919,58562,59232,59970,60834,61811,62855,63924,65011,66093,67156,68186,69170,70122,71027,71873,72651,73362,74026,74638,75199,75713,76199,76664,0,0,0,0,0,0,0,0,0,0,0,0,0,0,0,0,0,0,0,0,0,0,0,0,0,0,0,0
0,ST distributed (PHC),0,0,0,0,0,0,0,0,0,0,0,0,0,0,0,0,0,0,0,0,0,0,0,0,0,0,0,0,0,0,0,0,0,0,0,0,0,0,400,600,162704,166412,170119,173827,177534,181241,184949,188656,192364,196071,199778,203486,207193,210901,214608,218315,222023,225730,229438,233145,236852,240560,244267,247975,251682,255389,0,0,0,0,0,0,0,0,0,0,0,0,0,0,0,0,0,0,0,0,0,0,0,0,0,0,0
0,ST distributed Total,0,0,0,0,0,0,0,0,0,0,0,0,0,0,0,0,0,0,0,0,0,0,0,0,0,0,0,0,0,0,0,0,300022,521591,287307,109537,110738,112661,114359,115967,279279,284608,289986,295465,301029,306713,312362,318015,323626,329198,334720,340179,345555,350832,356019,361098,366063,370900,375614,380228,384742,389162,393498,397776,402008,255389,0,0,0,0,0,0,0,0,0,0,0,0,0,0,0,0,0,0,0,0,0,0,0,0,0,0,0
0,TotalHIVtests (public only),0,10,34,124,392,1019,2196,119673,239203,358848,478396,597758,716885,835915,954761,1073347,1191456,1309440,1426895,1550155,1671752,2075704,2297568,2607211,3264616,7329052,10020801,9228446,9484020,7936426,9231806,11908779,13009367,12473468,13283064,16767756,12439605,14849828,15589020,15601028,15332099,15324987,15584797,15801359,15996683,16189994,16411832,16635865,16895735,17183842,17474301,17749000,18007616,18258205,18505312,18739443,18964084,19174357,19375281,19571451,19762837,19949665,20133644,20315578,20495438,20675469,0,0,0,0,0,0,0,0,0,0,0,0,0,0,0,0,0,0,0,0,0,0,0,0,0,0,0
0,TotalHIVtests,0,10,36,131,416,1081,2332,127042,253931,380942,507852,634562,761025,887384,1013547,1139434,1264815,1390064,1514751,1645600,1774684,2203508,2439031,2767740,3465622,7780310,10637793,9796652,10067962,8425080,9800219,12642016,13810369,13241474,14100918,17800165,13205525,15764149,16548853,16561601,16276114,16268563,16544371,16774266,16981617,17186830,17422327,17660154,17936024,18241870,18550213,18841826,19116366,19382383,19644705,19893252,20131724,20354943,20568239,20776488,20979657,21177988,21373295,21566431,21757365,21948481,0,0,0,0,0,0,0,0,0,0,0,0,0,0,0,0,0,0,0,0,0,0,0,0,0,0,0
0,Positive HIV tests,0,0,0,0,0,0,0,9012,22951,44299,72529,106233,143749,182882,222895,263746,305031,348232,395390,455271,528015,732637,882203,999428,1129662,2030143,2418171,2072137,1973411,1600999,1747965,2006462,1953290,1740278,1735796,1971618,1370498,1614349,1567597,1515859,1452441,1399478,1314981,1203263,1083197,968239,873984,805333,754150,714479,682380,655375,631917,611041,592120,574711,558564,543491,529405,516247,503961,492500,481828,471901,462663,454066,0,0,0,0,0,0,0,0,0,0,0,0,0,0,0,0,0,0,0,0,0,0,0,0,0,0,0
0,General HCT (negative),0,0,0,0,0,0,0,0,0,0,0,0,0,0,0,11103,46086,76109,104117,122678,126500,195065,222045,286303,468901,1571710,2372735,2215080,2332493,1922298,2329367,3176927,3573473,3458983,3733018,4858957,3442691,4112684,4295572,4253324,4096055,4087801,4158410,4255163,4361022,4471585,4578079,4689521,4799960,4907552,5014441,5122046,5227226,5325869,5414888,5500206,5581062,5658177,5730874,5800159,5866654,5930647,5992685,6053685,6114437,6174798,0,0,0,0,0,0,0,0,0,0,0,0,0,0,0,0,0,0,0,0,0,0,0,0,0,0,0
0,General HCT (positive),0,4,10,33,110,299,668,2639,6793,13272,21971,32487,44288,56473,68822,80292,90590,98501,104129,104819,115019,169669,206872,241415,288125,586346,726040,627796,602353,487594,538332,623782,608478,543089,543183,619323,422898,497488,477502,457472,428319,410524,383286,348572,311788,276684,247696,226803,211317,199486,190096,182383,175753,169793,164225,159078,154248,149691,145354,141244,137353,133670,130196,126939,123899,121059,0,0,0,0,0,0,0,0,0,0,0,0,0,0,0,0,0,0,0,0,0,0,0,0,0,0,0
0,Adolescent testing (negative),0,0,0,0,1,2,5,23294,45037,64418,81713,97748,113426,131189,150431,170443,190286,208775,222837,234969,244442,287349,291090,320919,412378,993544,1359530,1236447,1270012,1039705,1193542,1553198,1705545,1605970,1695258,2155758,1623933,2006591,2214210,2302054,2353134,2379438,2431737,2472496,2498618,2521245,2556571,2588415,2614006,2625978,2626271,2615544,2600270,2587962,2586375,2585182,2586232,2590672,2600424,2613727,2630813,2652036,2676252,2701304,2725491,2748413,0,0,0,0,0,0,0,0,0,0,0,0,0,0,0,0,0,0,0,0,0,0,0,0,0,0,0
0,Adolescent testing (positive),0,1,3,9,29,78,178,1529,4308,8320,12906,17436,21612,25635,29486,33288,36839,40063,42633,46516,49136,59299,65949,74125,88007,171485,217226,191601,189384,156327,171159,199293,195909,172172,169920,194541,138794,160800,160968,157691,153734,148306,139939,129388,117955,106750,97476,90305,84243,78520,73100,68112,63581,59617,56206,53142,50448,48146,46214,44570,43150,41928,40874,39949,39113,38345,0,0,0,0,0,0,0,0,0,0,0,0,0,0,0,0,0,0,0,0,0,0,0,0,0,0,0
0,ANC testing (negative),0,1038291,1037469,1032581,1020705,998565,965544,933887,897556,856550,815034,774697,736128,684520,652914,643061,620752,610319,605061,619056,660271,678422,696864,714248,716851,708110,715084,727212,740897,753447,760820,765290,766269,763384,770739,779146,788915,799504,812962,827046,841207,855308,869635,884220,899093,914316,929933,945903,962132,978091,993645,1008603,1022705,1035694,1047465,1057977,1067202,1075168,1081921,1087523,1092102,1095836,1098900,1101458,1103667,1105659,0,0,0,0,0,0,0,0,0,0,0,0,0,0,0,0,0,0,0,0,0,0,0,0,0,0,0
0,ANC testing (positive),0,0,0,0,0,0,0,0,0,0,0,0,0,0,0,2550,8292,21588,44611,89664,122913,152728,187646,199189,185910,155285,118998,91735,76456,68670,63775,57104,50295,45028,41623,37523,35531,34601,32902,31955,31883,32058,31538,30535,29291,27900,26477,25182,24049,22981,21953,20963,20018,19117,18263,17458,16707,16009,15368,14779,14241,13751,13307,12904,12538,12207,0,0,0,0,0,0,0,0,0,0,0,0,0,0,0,0,0,0,0,0,0,0,0,0,0,0,0
0,PITC (negative),0,0,0,0,0,0,0,0,0,0,0,0,0,0,0,3818,15850,26177,35810,42194,43508,67091,76370,98470,161273,540571,816074,761851,802234,661152,801158,1092667,1229054,1189677,1283928,1671182,1184074,1414510,1477412,1462881,1408791,1405952,1430237,1463513,1499923,1537950,1574577,1612906,1650890,1687895,1724659,1761668,1797844,1831770,1862388,1891732,1919542,1946064,1971067,1994897,2017767,2039777,2061114,2082094,2102989,2123750,0,0,0,0,0,0,0,0,0,0,0,0,0,0,0,0,0,0,0,0,0,0,0,0,0,0,0
0,PITC (positive),0,1,3,12,38,102,229,905,2330,4552,7535,11141,15188,19366,23601,27542,31090,33840,35836,36199,39790,58616,71473,83352,99333,201517,249320,215552,206784,167407,184793,214078,208811,186371,186394,212494,145127,170704,163845,156973,146976,140873,131531,119624,107006,94964,85019,77850,72536,68476,65253,62604,60328,58282,56370,54603,52945,51379,49890,48480,47143,45879,44686,43568,42525,41550,0,0,0,0,0,0,0,0,0,0,0,0,0,0,0,0,0,0,0,0,0,0,0,0,0,0,0
0,Mobile testing (negative),0,0,0,0,0,0,0,0,0,0,0,0,0,0,0,8182,33965,56094,76735,90416,93232,143766,163649,211008,345586,1158366,1748731,1632538,1719073,1416754,1716768,2341430,2633688,2549308,2751275,3581103,2537300,3031093,3165883,3134746,3018837,3012754,3064793,3136100,3214121,3295607,3374094,3456227,3537622,3616918,3695697,3775002,3852522,3925222,3990830,4053711,4113303,4170137,4223716,4274779,4323787,4370950,4416674,4461631,4506406,4550893,0,0,0,0,0,0,0,0,0,0,0,0,0,0,0,0,0,0,0,0,0,0,0,0,0,0,0
0,Mobile testing (positive),0,2,7,25,81,220,491,1939,4992,9753,16146,23874,32545,41500,50574,59019,66621,72515,76791,77570,85265,125606,153156,178611,212855,431822,534258,461897,443109,358729,395985,458739,447451,399367,399416,455344,310986,365794,351097,336372,314948,301872,281853,256337,229298,203494,182183,166821,155435,146734,139827,134152,129275,124890,120793,117005,113453,110098,106908,103885,101022,98312,95756,93361,91124,89035,0,0,0,0,0,0,0,0,0,0,0,0,0,0,0,0,0,0,0,0,0,0,0,0,0,0,0
0,Home based testing (negative),0,0,0,0,0,0,0,0,0,0,0,0,0,0,0,3947,16385,27061,37018,43618,44977,69355,78947,101794,166717,558816,843619,787565,829311,683467,828199,1129547,1270538,1229831,1327264,1727588,1224039,1462253,1527278,1512257,1456341,1453406,1478510,1512910,1550549,1589859,1627723,1667345,1706611,1744865,1782870,1821128,1858525,1893597,1925247,1955582,1984331,2011748,2037595,2062229,2085872,2108624,2130682,2152370,2173970,2195432,0,0,0,0,0,0,0,0,0,0,0,0,0,0,0,0,0,0,0,0,0,0,0,0,0,0,0
0,Home based testing (positive),0,1,3,12,39,106,237,935,2408,4705,7789,11517,15700,20020,24398,28472,32139,34983,37045,37421,41133,60595,73885,86165,102685,208319,257736,222828,213764,173057,191030,221304,215858,192662,192685,219666,150025,176466,169375,162272,151937,145628,135971,123662,110618,98169,87888,80477,74985,70787,67455,64717,62364,60249,58273,56445,54731,53113,51574,50116,48735,47427,46194,45039,43960,42952,0,0,0,0,0,0,0,0,0,0,0,0,0,0,0,0,0,0,0,0,0,0,0,0,0,0,0
0,Partner notification (negative),0,0,0,0,0,0,0,0,0,0,0,0,0,0,0,224,931,1538,2104,2479,2556,3942,4487,5785,9475,31758,47944,44759,47131,38842,47068,64194,72207,69893,75430,98181,69564,83102,86798,85944,82766,82599,84026,85981,88120,90354,92506,94758,96989,99163,101323,103497,105623,107616,109415,111139,112773,114331,115800,117200,118543,119836,121090,122322,123550,124770,0,0,0,0,0,0,0,0,0,0,0,0,0,0,0,0,0,0,0,0,0,0,0,0,0,0,0
0,Partner notification (positive),0,0,0,1,2,5,12,45,117,229,379,560,763,973,1186,1405,1630,1878,2168,2556,3010,4201,5135,5827,6520,11403,13506,11585,11019,8977,9810,11226,10906,9735,9708,10986,7584,8862,8503,8150,7647,7342,6868,6262,5618,5001,4490,4119,3843,3630,3459,3318,3196,3086,2983,2887,2798,2713,2633,2558,2486,2418,2355,2295,2240,2188,0,0,0,0,0,0,0,0,0,0,0,0,0,0,0,0,0,0,0,0,0,0,0,0,0,0,0
0,Rapid HIV tests in U15 (negative),0,0,0,0,1,3,42740,82372,118130,149993,177958,201943,226820,249243,266420,278749,283693,278229,264319,254119,282028,218592,191651,316079,633847,462325,430457,439618,398279,437702,769342,1133192,1174283,1252323,1466294,1196287,1449391,1771931,1797550,2031131,1957317,1964251,1972342,1981026,1989966,1999506,2009737,2020774,2034372,2048418,2062701,2077571,2093114,2108426,2123145,2137230,2150315,2161944,2171804,2179765,2185810,2190043,2192643,2193747,2193545,0,0,0,0,0,0,0,0,0,0,0,0,0,0,0,0,0,0,0,0,0,0,0,0,0,0,0,0
0,Rapid HIV tests in U15 (positive),0,0,0,0,0,0,781,2268,4456,7257,10511,14014,17960,22077,25882,29368,32393,34481,35703,37064,42312,37982,38018,49828,63797,41406,38642,36467,30963,31765,39852,39502,34330,31084,30594,22585,23808,24852,22958,23405,21628,20650,19634,18578,17541,16660,15908,15292,14783,14345,13965,13628,13323,13042,12774,12514,12269,12040,11825,11624,11436,11258,11088,10925,10770,0,0,0,0,0,0,0,0,0,0,0,0,0,0,0,0,0,0,0,0,0,0,0,0,0,0,0,0
0,Adolescent (15-19) testing coverage x1000,0,0,0,0,0,0,6,12,18,23,27,31,36,39,43,46,49,52,55,57,68,70,78,100,237,325,297,302,249,286,372,409,389,410,512,375,447,471,468,459,453,454,455,455,454,454,455,457,459,460,459,459,458,458,458,457,457,457,456,456,455,455,455,455,454,-9223372036854775808,0,0,0,0,0,0,0,0,0,0,0,0,0,0,0,0,0,0,0,0,0,0,0,0,0,0,0
0,Post-Exposure Prophylaxis (PEP),0,28876,29555,30224,30880,31519,32239,33075,33889,34671,35410,36085,36727,37309,37853,38383,38876,39341,39783,40223,40707,41211,41851,42526,43215,43904,44615,45364,46139,46927,47717,48503,49279,50040,50798,51526,52166,52816,53544,54265,54979,55688,56406,57143,57900,58670,59451,60239,61022,61798,62565,63323,64070,64805,65527,66234,66925,67599,68256,68893,69512,70110,70689,71248,71788,0,0,0,0,0,0,0,0,0,0,0,0,0,0,0,0,0,0,0,0,0,0,0,0,0,0,0,0
0,Inpatient care (ART; <200 cells/microl),0,0,0,0,0,0,0,0,0,0,0,0,0,0,0,0,3695,5822,8031,10651,31837,54128,79179,105129,126661,156165,175095,182470,167728,166906,172055,175579,179887,179920,180762,182697,181596,185014,187058,190206,189358,214227,224542,222747,217166,208637,196347,187595,181703,177201,173435,170066,166912,163869,160874,157891,154889,151851,148767,145632,142444,139206,135920,132592,129225,0,0,0,0,0,0,0,0,0,0,0,0,0,0,0,0,0,0,0,0,0,0,0,0,0,0,0,0
0,Inpatient care (ART; 200-349 cells/microl),0,0,0,0,0,0,0,0,0,0,0,0,0,0,0,0,2872,6235,9981,14283,36159,71632,121623,182769,247146,332846,430627,571389,589416,602010,628633,654950,682095,694975,707327,720215,722590,734707,743347,753884,749267,811321,855876,885191,902179,905636,887134,870242,856799,845407,834881,824607,814259,803651,792689,781319,769499,757210,744455,731244,717597,703545,689121,674356,659278,0,0,0,0,0,0,0,0,0,0,0,0,0,0,0,0,0,0,0,0,0,0,0,0,0,0,0,0
0,Inpatient care (ART; 350-500 cells/microl),0,0,0,0,0,0,0,0,0,0,0,0,0,0,0,0,920,3199,6086,9574,19762,43155,81683,135810,202752,291993,416271,623075,759142,830109,921253,1015971,1090475,1133028,1162559,1187047,1193337,1207415,1217383,1229572,1217277,1305673,1399700,1492977,1568984,1622464,1632221,1627579,1619386,1611140,1602269,1592454,1581524,1569393,1556031,1541443,1525613,1508556,1490307,1470914,1450428,1428922,1406466,1383123,1358948,0,0,0,0,0,0,0,0,0,0,0,0,0,0,0,0,0,0,0,0,0,0,0,0,0,0,0,0
0,Inpatient care (ART; >500 cells/microl),0,0,0,0,0,0,0,0,0,0,0,0,0,0,0,0,103,1470,4029,7871,14011,30854,65507,124972,211656,328147,480880,681174,949888,1224687,1509860,1811423,2202607,2549902,2836887,3076580,3244062,3383876,3490412,3584092,3597484,3845567,4126132,4472649,4843880,5213432,5502794,5735151,5918000,6062483,6178418,6272212,6348235,6409524,6458210,6495878,6523504,6541867,6551630,6553367,6547583,6534792,6515458,6489970,6458654,0,0,0,0,0,0,0,0,0,0,0,0,0,0,0,0,0,0,0,0,0,0,0,0,0,0,0,0
0,Inpatient care (pre-ART; <200 cells/microl),0,8,61,258,954,3094,8434,19527,38956,68977,111141,166114,231369,306654,390252,480221,567794,661365,757204,854038,910867,941713,945671,925271,891919,814868,730536,652405,635478,621444,605756,591340,573437,568164,569550,575354,594191,610021,633076,651873,676487,616333,520981,417771,325587,250773,205690,175966,155007,139311,127140,117466,109636,103203,97850,93337,89476,86127,83182,80561,78202,76059,74098,72292,70619,0,0,0,0,0,0,0,0,0,0,0,0,0,0,0,0,0,0,0,0,0,0,0,0,0,0,0,0
0,Inpatient care (pre-ART; 200-349 cells/microl),0,92,396,1420,4851,14123,33844,68754,121600,193452,283506,389299,501910,620271,740796,860449,976141,1090367,1198024,1297739,1384990,1461149,1529694,1585621,1629080,1646875,1608135,1408663,1283456,1217329,1168446,1119645,1065642,1026712,995723,970586,961111,949979,948141,944438,956840,882356,786843,676945,568502,470863,405912,359044,324451,298353,278251,262442,249728,239263,230448,222847,216138,210098,204570,199445,194649,190124,185831,181739,177825,0,0,0,0,0,0,0,0,0,0,0,0,0,0,0,0,0,0,0,0,0,0,0,0,0,0,0,0
0,Inpatient care (pre-ART; 350-500 cells/microl),0,543,1610,5551,17683,45639,95625,171072,270497,389714,522061,660068,788535,909214,1019808,1118981,1206009,1283885,1348856,1401192,1442126,1473971,1503929,1527095,1544097,1555157,1562425,1569301,1569821,1556685,1471721,1353642,1261244,1192003,1135036,1087311,1057911,1029616,1012391,995821,1003779,928661,856041,773873,688855,606767,551624,508948,475950,450330,430013,413481,399651,387762,377289,367856,359198,351137,343551,336358,329504,322943,316637,310559,304682,0,0,0,0,0,0,0,0,0,0,0,0,0,0,0,0,0,0,0,0,0,0,0,0,0,0,0,0
0,Inpatient care (pre-ART; >500 cells/microl),0,0,0,0,0,0,0,0,0,0,0,0,0,1,1,2,9,186,596,1263,1955,3836,7781,14523,24160,36641,53795,73801,122856,166936,211761,260089,313787,377607,438491,491220,541808,576218,608875,630817,704192,623040,612683,614555,621492,628472,664028,692968,715237,732054,744844,754580,761931,767383,771272,773838,775259,775658,775125,773732,771553,768644,765047,760803,755956,0,0,0,0,0,0,0,0,0,0,0,0,0,0,0,0,0,0,0,0,0,0,0,0,0,0,0,0
0,RetentionIntervention,0,0,0,0,0,0,0,0,0,0,0,0,0,0,0,0,0,0,0,0,0,0,0,0,0,0,0,0,0,0,0,0,0,0,0,0,0,0,0,0,0,0,0,0,0,0,0,0,0,0,0,0,0,0,0,0,0,0,0,0,0,0,0,0,0,0,0,0,0,0,0,0,0,0,0,0,0,0,0,0,0,0,0,0,0,0,0,0,0,0,0,0,0
0,ART Adults (1st line 1st year),0,0,0,0,0,0,0,0,0,0,0,0,0,0,0,0,8256,10749,13827,17496,65869,111234,167952,227026,271405,358212,439071,600339,503915,433368,480470,503374,573795,496668,424653,370644,284891,261497,215340,198330,166766,347692,463651,517964,519438,485607,386596,320188,273915,240546,215744,196793,181921,169953,160092,151800,144700,138524,133089,128264,123956,120094,116623,113499,110682,108137,0,0,0,0,0,0,0,0,0,0,0,0,0,0,0,0,0,0,0,0,0,0,0,0,0,0,0
0,ART Adults (1st line followup),0,0,0,0,0,0,0,0,0,0,0,0,0,0,0,0,-1107,4880,12267,21562,28404,73614,153089,277059,448850,650782,922113,1259429,1713409,2089645,2393268,2735885,3096585,3515182,3859104,4136903,4354072,4506226,4645695,4753522,4772311,4967894,5247810,5627451,6052689,6479557,6836607,7098066,7294530,7439589,7546769,7624582,7676436,7709754,7725574,7727974,7717327,7708848,7700155,7689883,7676591,7658486,7629233,7590193,7542450,-108137,0,0,0,0,0,0,0,0,0,0,0,0,0,0,0,0,0,0,0,0,0,0,0,0,0,0,0
0,ART Adults (2nd line followup),0,0,0,0,0,0,0,0,0,0,0,0,0,0,0,0,0,126,401,863,1594,3336,6768,12772,22242,35826,54523,78970,105812,136922,170620,206504,243690,281621,320301,359333,392811,423650,450150,471952,480612,502948,511627,517883,523215,523895,518621,513920,510041,511716,516727,524122,535738,547837,562006,576117,591015,592462,583676,566743,543738,517110,493786,472907,453819,0,0,0,0,0,0,0,0,0,0,0,0,0,0,0,0,0,0,0,0,0,0,0,0,0,0,0,0
0,ART Paeds Neonates,0,0,0,0,0,0,0,0,0,0,0,0,0,0,0,0,242,332,344,476,1741,3377,4022,4662,6991,10748,10680,9651,9430,9126,7509,5061,3169,2644,2369,2220,2065,2025,1973,1894,1860,1869,1822,1740,1642,1537,1405,1307,1230,1165,1108,1057,1009,965,923,882,843,805,769,735,703,673,645,619,595,573,0,0,0,0,0,0,0,0,0,0,0,0,0,0,0,0,0,0,0,0,0,0,0,0,0,0,0
0,ART Paeds Kids <1,0,0,0,0,0,0,0,0,0,0,0,0,0,0,0,0,242,332,344,476,1741,3377,4022,4662,6991,10748,10680,9651,9430,9126,7509,5061,3169,2644,2369,2220,2065,2025,1973,1894,1860,1869,1822,1740,1642,1537,1405,1307,1230,1165,1108,1057,1009,965,923,882,843,805,769,735,703,673,645,619,595,573,0,0,0,0,0,0,0,0,0,0,0,0,0,0,0,0,0,0,0,0,0,0,0,0,0,0,0
0,ART Paeds Kids 1-2 (1st year),0,0,0,0,0,0,0,0,0,0,0,0,0,0,0,0,248,329,347,466,1859,3288,3810,4484,5654,6608,4118,3037,3277,3150,3446,3729,2766,2317,2115,2006,1761,1680,1614,1527,1546,1574,1654,1683,1676,1646,1528,1424,1340,1271,1210,1155,1104,1056,1011,968,927,888,852,817,785,754,726,700,675,653,0,0,0,0,0,0,0,0,0,0,0,0,0,0,0,0,0,0,0,0,0,0,0,0,0,0,0
0,ART Paeds Kids 1-2 (followup),0,0,0,0,0,0,0,0,0,0,0,0,0,0,0,0,14,200,311,348,406,1625,3255,4022,5134,8774,13560,15048,15178,15309,14949,13016,11546,10356,9209,8767,8484,8123,7854,7660,7451,7261,7091,6703,6213,5692,5201,4749,4403,4138,3920,3730,3560,3404,3258,3118,2983,2852,2724,2602,2485,2375,2271,2172,2081,0,0,0,0,0,0,0,0,0,0,0,0,0,0,0,0,0,0,0,0,0,0,0,0,0,0,0,0
0,ART Paeds Kids 3-5 (1st year),0,0,0,0,0,0,0,0,0,0,0,0,0,0,0,0,297,374,402,507,2383,3855,4521,5392,6769,9097,6922,6096,6877,4700,3859,3987,2875,2472,2194,1977,1522,1524,1438,1271,1200,1343,1510,1658,1765,1820,1680,1555,1446,1350,1268,1199,1141,1089,1040,995,953,913,875,839,805,772,742,714,688,663,0,0,0,0,0,0,0,0,0,0,0,0,0,0,0,0,0,0,0,0,0,0,0,0,0,0,0
0,ART Paeds Kids 3-5 (followup),0,0,0,0,0,0,0,0,0,0,0,0,0,0,0,0,0,273,636,997,1203,3080,6335,10210,14282,18373,23421,26423,28385,31158,30975,31230,31983,29713,26394,22536,20478,18528,17574,16839,16133,15445,15325,15302,15246,14999,14444,13567,12556,11577,10737,10075,9537,9073,8655,8274,7918,7582,7259,6949,6651,6366,6094,5838,5597,0,0,0,0,0,0,0,0,0,0,0,0,0,0,0,0,0,0,0,0,0,0,0,0,0,0,0,0
0,ART Paeds Kids 6-9 (1st year),0,0,0,0,0,0,0,0,0,0,0,0,0,0,0,0,271,363,428,539,2905,4592,5697,6848,8342,11035,9237,8416,9441,7127,7676,8974,5681,4019,3129,2622,2002,1988,1771,1481,1330,1529,1737,1893,1991,2029,1827,1677,1555,1449,1350,1257,1173,1101,1039,986,939,897,858,821,787,754,723,694,666,640,0,0,0,0,0,0,0,0,0,0,0,0,0,0,0,0,0,0,0,0,0,0,0,0,0,0,0
0,ART Paeds Kids 6-9 (followup),0,0,0,0,0,0,0,0,0,0,0,0,0,0,0,0,19,312,711,1159,1553,4386,8596,13690,19614,26647,36964,44624,49982,55661,57373,57290,58585,56968,54123,52129,49042,44849,39552,34500,31434,28583,27545,26841,26555,26602,26903,26911,26494,25612,24239,22619,20991,19509,18246,17218,16355,15592,14896,14251,13645,13069,12519,11991,11488,0,0,0,0,0,0,0,0,0,0,0,0,0,0,0,0,0,0,0,0,0,0,0,0,0,0,0,0
0,ART Paeds Kids 10-14 (1st year),0,0,0,0,0,0,0,0,0,0,0,0,0,0,0,0,54,94,143,203,1446,2423,3606,4815,5877,6850,7742,6624,8385,6385,6253,6143,4308,4179,3780,3158,2293,1754,1325,1014,836,1293,1666,1867,1925,1917,1627,1419,1261,1138,1042,967,905,850,797,745,697,654,617,585,558,533,510,488,467,448,0,0,0,0,0,0,0,0,0,0,0,0,0,0,0,0,0,0,0,0,0,0,0,0,0,0,0
0,ART Paeds Kids 10-14 (followup),0,0,0,0,0,0,0,0,0,0,0,0,0,0,0,0,18,138,364,715,1354,3667,7566,13080,20260,29242,39338,49994,58075,68019,76109,83891,90048,92942,94768,92207,86608,81029,75681,70038,63348,60317,55655,50707,46305,44002,42050,40976,40195,39566,39114,38587,37777,36563,34918,32843,30650,28566,26703,25104,23771,22628,21601,20655,19771,0,0,0,0,0,0,0,0,0,0,0,0,0,0,0,0,0,0,0,0,0,0,0,0,0,0,0,0
0,Additional CD4 counts required,0,-9223372036854775808,-9223372036854775808,-9223372036854775808,-9223372036854775808,-9223372036854775808,-9223372036854775808,-9223372036854775808,-9223372036854775808,-9223372036854775808,-9223372036854775808,-9223372036854775808,-9223372036854775808,-9223372036854775808,-9223372036854775808,-9223372036854775808,11441,16191,21997,71259,125691,196845,278724,355914,482477,608351,712738,726820,787512,841183,923976,976819,980616,1022331,1052420,1040073,1003421,956373,952813,999649,1043903,1130979,1196277,1247629,1289054,1303186,1317646,1329740,1338214,1343251,1345426,1345237,1343061,1339185,1333823,1327121,1319259,1310361,1300515,1289788,1278245,1265918,1252829,1239013,1224515,0,0,0,0,0,0,0,0,0,0,0,0,0,0,0,0,0,0,0,0,0,0,0,0,0,0,0,0
0,Incremental POCVL costs across all populations,0,0,0,0,0,0,0,0,0,0,0,0,0,0,0,0,0,0,0,0,0,0,0,0,0,0,0,0,0,0,0,0,0,0,0,0,0,0,0,0,0,0,0,0,0,0,0,0,0,0,0,0,0,0,0,0,0,0,0,0,0,0,0,0,0,0,0,0,0,0,0,0,0,0,0,0,0,0,0,0,0,0,0,0,0,0,0,0,0,0,0,0,0
